000000001 353213210000 00001 312312312 2017 700 0 300 3
000000001 353213210001 00001 312312312 2017 700 0 300 3
000000001 353213210002 00001 312312312 2017 700 0 300 3
000000001 353213210003 00001 312312312 2017 700 0 300 3
000000001 353213210004 00001 312312312 2017 700 0 300 3
000000001 353213210005 00001 312312312 2017 700 0 300 3
000000001 353213210006 00001 312312312 2017 700 0 300 3
000000001 353213210007 00001 312312312 2017 700 0 300 3
000000001 353213210008 00001 312312312 2017 700 0 300 3
000000001 353213210009 00001 312312312 2017 700 0 300 3
000000001 353213210010 00001 312312312 2017 700 0 300 3
000000001 353213210011 00001 312312312 2017 700 0 300 3
000000001 353213210012 00001 312312312 2017 700 0 300 3
000000001 353213210013 00001 312312312 2017 700 0 300 3
000000001 353213210014 00001 312312312 2017 700 0 300 3
000000001 353213210015 00001 312312312 2017 700 0 300 3
000000001 353213210016 00001 312312312 2017 700 0 300 3
000000001 353213210017 00001 312312312 2017 700 0 300 3
000000001 353213210018 00001 312312312 2017 700 0 300 3
000000001 353213210019 00001 312312312 2017 700 0 300 3
000000001 353213210020 00001 312312312 2017 700 0 300 3
000000001 353213210021 00001 312312312 2017 700 0 300 3
000000001 353213210022 00001 312312312 2017 700 0 300 3
000000001 353213210023 00001 312312312 2017 700 0 300 3
000000001 353213210024 00001 312312312 2017 700 0 300 3
000000001 353213210025 00001 312312312 2017 700 0 300 3
000000001 353213210026 00001 312312312 2017 700 0 300 3
000000001 353213210027 00001 312312312 2017 700 0 300 3
000000001 353213210028 00001 312312312 2017 700 0 300 3
000000001 353213210029 00001 312312312 2017 700 0 300 3
000000001 353213210030 00001 312312312 2017 700 0 300 3
000000001 353213210031 00001 312312312 2017 700 0 300 3
000000001 353213210032 00001 312312312 2017 700 0 300 3
000000001 353213210033 00001 312312312 2017 700 0 300 3
000000001 353213210034 00001 312312312 2017 700 0 300 3
000000001 353213210035 00001 312312312 2017 700 0 300 3
000000001 353213210036 00001 312312312 2017 700 0 300 3
000000001 353213210037 00001 312312312 2017 700 0 300 3
000000001 353213210038 00001 312312312 2017 700 0 300 3
000000001 353213210039 00001 312312312 2017 700 0 300 3
000000001 353213210040 00001 312312312 2017 700 0 300 3
000000001 353213210041 00001 312312312 2017 700 0 300 3
000000001 353213210042 00001 312312312 2017 700 0 300 3
000000001 353213210043 00001 312312312 2017 700 0 300 3
000000001 353213210044 00001 312312312 2017 700 0 300 3
000000001 353213210045 00001 312312312 2017 700 0 300 3
000000001 353213210046 00001 312312312 2017 700 0 300 3
000000001 353213210047 00001 312312312 2017 700 0 300 3
000000001 353213210048 00001 312312312 2017 700 0 300 3
000000001 353213210049 00001 312312312 2017 700 0 300 3
000000001 353213210050 00001 312312312 2017 700 0 300 3
000000001 353213210051 00001 312312312 2017 700 0 300 3
000000001 353213210052 00001 312312312 2017 700 0 300 3
000000001 353213210053 00001 312312312 2017 700 0 300 3
000000001 353213210054 00001 312312312 2017 700 0 300 3
000000001 353213210055 00001 312312312 2017 700 0 300 3
000000001 353213210056 00001 312312312 2017 700 0 300 3
000000001 353213210057 00001 312312312 2017 700 0 300 3
000000001 353213210058 00001 312312312 2017 700 0 300 3
000000001 353213210059 00001 312312312 2017 700 0 300 3
000000001 353213210060 00001 312312312 2017 700 0 300 3
000000001 353213210061 00001 312312312 2017 700 0 300 3
000000001 353213210062 00001 312312312 2017 700 0 300 3
000000001 353213210063 00001 312312312 2017 700 0 300 3
000000001 353213210064 00001 312312312 2017 700 0 300 3
000000001 353213210065 00001 312312312 2017 700 0 300 3
000000001 353213210066 00001 312312312 2017 700 0 300 3
000000001 353213210067 00001 312312312 2017 700 0 300 3
000000001 353213210068 00001 312312312 2017 700 0 300 3
000000001 353213210069 00001 312312312 2017 700 0 300 3
000000001 353213210070 00001 312312312 2017 700 0 300 3
000000001 353213210071 00001 312312312 2017 700 0 300 3
000000001 353213210072 00001 312312312 2017 700 0 300 3
000000001 353213210073 00001 312312312 2017 700 0 300 3
000000001 353213210074 00001 312312312 2017 700 0 300 3
000000001 353213210075 00001 312312312 2017 700 0 300 3
000000001 353213210076 00001 312312312 2017 700 0 300 3
000000001 353213210077 00001 312312312 2017 700 0 300 3
000000001 353213210078 00001 312312312 2017 700 0 300 3
000000001 353213210079 00001 312312312 2017 700 0 300 3
000000001 353213210080 00001 312312312 2017 700 0 300 3
000000001 353213210081 00001 312312312 2017 700 0 300 3
000000001 353213210082 00001 312312312 2017 700 0 300 3
000000001 353213210083 00001 312312312 2017 700 0 300 3
000000001 353213210084 00001 312312312 2017 700 0 300 3
000000001 353213210085 00001 312312312 2017 700 0 300 3
000000001 353213210086 00001 312312312 2017 700 0 300 3
000000001 353213210087 00001 312312312 2017 700 0 300 3
000000001 353213210088 00001 312312312 2017 700 0 300 3
000000001 353213210089 00001 312312312 2017 700 0 300 3
000000001 353213210090 00001 312312312 2017 700 0 300 3
000000001 353213210091 00001 312312312 2017 700 0 300 3
000000001 353213210092 00001 312312312 2017 700 0 300 3
000000001 353213210093 00001 312312312 2017 700 0 300 3
000000001 353213210094 00001 312312312 2017 700 0 300 3
000000001 353213210095 00001 312312312 2017 700 0 300 3
000000001 353213210096 00001 312312312 2017 700 0 300 3
000000001 353213210097 00001 312312312 2017 700 0 300 3
000000001 353213210098 00001 312312312 2017 700 0 300 3
000000001 353213210099 00001 312312312 2017 700 0 300 3
000000001 353213210100 00001 312312312 2017 700 0 300 3
000000001 353213210101 00001 312312312 2017 700 0 300 3
000000001 353213210102 00001 312312312 2017 700 0 300 3
000000001 353213210103 00001 312312312 2017 700 0 300 3
000000001 353213210104 00001 312312312 2017 700 0 300 3
000000001 353213210105 00001 312312312 2017 700 0 300 3
000000001 353213210106 00001 312312312 2017 700 0 300 3
000000001 353213210107 00001 312312312 2017 700 0 300 3
000000001 353213210108 00001 312312312 2017 700 0 300 3
000000001 353213210109 00001 312312312 2017 700 0 300 3
000000001 353213210110 00001 312312312 2017 700 0 300 3
000000001 353213210111 00001 312312312 2017 700 0 300 3
000000001 353213210112 00001 312312312 2017 700 0 300 3
000000001 353213210113 00001 312312312 2017 700 0 300 3
000000001 353213210114 00001 312312312 2017 700 0 300 3
000000001 353213210115 00001 312312312 2017 700 0 300 3
000000001 353213210116 00001 312312312 2017 700 0 300 3
000000001 353213210117 00001 312312312 2017 700 0 300 3
000000001 353213210118 00001 312312312 2017 700 0 300 3
000000001 353213210119 00001 312312312 2017 700 0 300 3
000000001 353213210120 00001 312312312 2017 700 0 300 3
000000001 353213210121 00001 312312312 2017 700 0 300 3
000000001 353213210122 00001 312312312 2017 700 0 300 3
000000001 353213210123 00001 312312312 2017 700 0 300 3
000000001 353213210124 00001 312312312 2017 700 0 300 3
000000001 353213210125 00001 312312312 2017 700 0 300 3
000000001 353213210126 00001 312312312 2017 700 0 300 3
000000001 353213210127 00001 312312312 2017 700 0 300 3
000000001 353213210128 00001 312312312 2017 700 0 300 3
000000001 353213210129 00001 312312312 2017 700 0 300 3
000000001 353213210130 00001 312312312 2017 700 0 300 3
000000001 353213210131 00001 312312312 2017 700 0 300 3
000000001 353213210132 00001 312312312 2017 700 0 300 3
000000001 353213210133 00001 312312312 2017 700 0 300 3
000000001 353213210134 00001 312312312 2017 700 0 300 3
000000001 353213210135 00001 312312312 2017 700 0 300 3
000000001 353213210136 00001 312312312 2017 700 0 300 3
000000001 353213210137 00001 312312312 2017 700 0 300 3
000000001 353213210138 00001 312312312 2017 700 0 300 3
000000001 353213210139 00001 312312312 2017 700 0 300 3
000000001 353213210140 00001 312312312 2017 700 0 300 3
000000001 353213210141 00001 312312312 2017 700 0 300 3
000000001 353213210142 00001 312312312 2017 700 0 300 3
000000001 353213210143 00001 312312312 2017 700 0 300 3
000000001 353213210144 00001 312312312 2017 700 0 300 3
000000001 353213210145 00001 312312312 2017 700 0 300 3
000000001 353213210146 00001 312312312 2017 700 0 300 3
000000001 353213210147 00001 312312312 2017 700 0 300 3
000000001 353213210148 00001 312312312 2017 700 0 300 3
000000001 353213210149 00001 312312312 2017 700 0 300 3
000000001 353213210150 00001 312312312 2017 700 0 300 3
000000001 353213210151 00001 312312312 2017 700 0 300 3
000000001 353213210152 00001 312312312 2017 700 0 300 3
000000001 353213210153 00001 312312312 2017 700 0 300 3
000000001 353213210154 00001 312312312 2017 700 0 300 3
000000001 353213210155 00001 312312312 2017 700 0 300 3
000000001 353213210156 00001 312312312 2017 700 0 300 3
000000001 353213210157 00001 312312312 2017 700 0 300 3
000000001 353213210158 00001 312312312 2017 700 0 300 3
000000001 353213210159 00001 312312312 2017 700 0 300 3
000000001 353213210160 00001 312312312 2017 700 0 300 3
000000001 353213210161 00001 312312312 2017 700 0 300 3
000000001 353213210162 00001 312312312 2017 700 0 300 3
000000001 353213210163 00001 312312312 2017 700 0 300 3
000000001 353213210164 00001 312312312 2017 700 0 300 3
000000001 353213210165 00001 312312312 2017 700 0 300 3
000000001 353213210166 00001 312312312 2017 700 0 300 3
000000001 353213210167 00001 312312312 2017 700 0 300 3
000000001 353213210168 00001 312312312 2017 700 0 300 3
000000001 353213210169 00001 312312312 2017 700 0 300 3
000000001 353213210170 00001 312312312 2017 700 0 300 3
000000001 353213210171 00001 312312312 2017 700 0 300 3
000000001 353213210172 00001 312312312 2017 700 0 300 3
000000001 353213210173 00001 312312312 2017 700 0 300 3
000000001 353213210174 00001 312312312 2017 700 0 300 3
000000001 353213210175 00001 312312312 2017 700 0 300 3
000000001 353213210176 00001 312312312 2017 700 0 300 3
000000001 353213210177 00001 312312312 2017 700 0 300 3
000000001 353213210178 00001 312312312 2017 700 0 300 3
000000001 353213210179 00001 312312312 2017 700 0 300 3
000000001 353213210180 00001 312312312 2017 700 0 300 3
000000001 353213210181 00001 312312312 2017 700 0 300 3
000000001 353213210182 00001 312312312 2017 700 0 300 3
000000001 353213210183 00001 312312312 2017 700 0 300 3
000000001 353213210184 00001 312312312 2017 700 0 300 3
000000001 353213210185 00001 312312312 2017 700 0 300 3
000000001 353213210186 00001 312312312 2017 700 0 300 3
000000001 353213210187 00001 312312312 2017 700 0 300 3
000000001 353213210188 00001 312312312 2017 700 0 300 3
000000001 353213210189 00001 312312312 2017 700 0 300 3
000000001 353213210190 00001 312312312 2017 700 0 300 3
000000001 353213210191 00001 312312312 2017 700 0 300 3
000000001 353213210192 00001 312312312 2017 700 0 300 3
000000001 353213210193 00001 312312312 2017 700 0 300 3
000000001 353213210194 00001 312312312 2017 700 0 300 3
000000001 353213210195 00001 312312312 2017 700 0 300 3
000000001 353213210196 00001 312312312 2017 700 0 300 3
000000001 353213210197 00001 312312312 2017 700 0 300 3
000000001 353213210198 00001 312312312 2017 700 0 300 3
000000001 353213210199 00001 312312312 2017 700 0 300 3
000000001 353213210200 00001 312312312 2017 700 0 300 3
000000001 353213210201 00001 312312312 2017 700 0 300 3
000000001 353213210202 00001 312312312 2017 700 0 300 3
000000001 353213210203 00001 312312312 2017 700 0 300 3
000000001 353213210204 00001 312312312 2017 700 0 300 3
000000001 353213210205 00001 312312312 2017 700 0 300 3
000000001 353213210206 00001 312312312 2017 700 0 300 3
000000001 353213210207 00001 312312312 2017 700 0 300 3
000000001 353213210208 00001 312312312 2017 700 0 300 3
000000001 353213210209 00001 312312312 2017 700 0 300 3
000000001 353213210210 00001 312312312 2017 700 0 300 3
000000001 353213210211 00001 312312312 2017 700 0 300 3
000000001 353213210212 00001 312312312 2017 700 0 300 3
000000001 353213210213 00001 312312312 2017 700 0 300 3
000000001 353213210214 00001 312312312 2017 700 0 300 3
000000001 353213210215 00001 312312312 2017 700 0 300 3
000000001 353213210216 00001 312312312 2017 700 0 300 3
000000001 353213210217 00001 312312312 2017 700 0 300 3
000000001 353213210218 00001 312312312 2017 700 0 300 3
000000001 353213210219 00001 312312312 2017 700 0 300 3
000000001 353213210220 00001 312312312 2017 700 0 300 3
000000001 353213210221 00001 312312312 2017 700 0 300 3
000000001 353213210222 00001 312312312 2017 700 0 300 3
000000001 353213210223 00001 312312312 2017 700 0 300 3
000000001 353213210224 00001 312312312 2017 700 0 300 3
000000001 353213210225 00001 312312312 2017 700 0 300 3
000000001 353213210226 00001 312312312 2017 700 0 300 3
000000001 353213210227 00001 312312312 2017 700 0 300 3
000000001 353213210228 00001 312312312 2017 700 0 300 3
000000001 353213210229 00001 312312312 2017 700 0 300 3
000000001 353213210230 00001 312312312 2017 700 0 300 3
000000001 353213210231 00001 312312312 2017 700 0 300 3
000000001 353213210232 00001 312312312 2017 700 0 300 3
000000001 353213210233 00001 312312312 2017 700 0 300 3
000000001 353213210234 00001 312312312 2017 700 0 300 3
000000001 353213210235 00001 312312312 2017 700 0 300 3
000000001 353213210236 00001 312312312 2017 700 0 300 3
000000001 353213210237 00001 312312312 2017 700 0 300 3
000000001 353213210238 00001 312312312 2017 700 0 300 3
000000001 353213210239 00001 312312312 2017 700 0 300 3
000000001 353213210240 00001 312312312 2017 700 0 300 3
000000001 353213210241 00001 312312312 2017 700 0 300 3
000000001 353213210242 00001 312312312 2017 700 0 300 3
000000001 353213210243 00001 312312312 2017 700 0 300 3
000000001 353213210244 00001 312312312 2017 700 0 300 3
000000001 353213210245 00001 312312312 2017 700 0 300 3
000000001 353213210246 00001 312312312 2017 700 0 300 3
000000001 353213210247 00001 312312312 2017 700 0 300 3
000000001 353213210248 00001 312312312 2017 700 0 300 3
000000001 353213210249 00001 312312312 2017 700 0 300 3
000000001 353213210250 00001 312312312 2017 700 0 300 3
000000001 353213210251 00001 312312312 2017 700 0 300 3
000000001 353213210252 00001 312312312 2017 700 0 300 3
000000001 353213210253 00001 312312312 2017 700 0 300 3
000000001 353213210254 00001 312312312 2017 700 0 300 3
000000001 353213210255 00001 312312312 2017 700 0 300 3
000000001 353213210256 00001 312312312 2017 700 0 300 3
000000001 353213210257 00001 312312312 2017 700 0 300 3
000000001 353213210258 00001 312312312 2017 700 0 300 3
000000001 353213210259 00001 312312312 2017 700 0 300 3
000000001 353213210260 00001 312312312 2017 700 0 300 3
000000001 353213210261 00001 312312312 2017 700 0 300 3
000000001 353213210262 00001 312312312 2017 700 0 300 3
000000001 353213210263 00001 312312312 2017 700 0 300 3
000000001 353213210264 00001 312312312 2017 700 0 300 3
000000001 353213210265 00001 312312312 2017 700 0 300 3
000000001 353213210266 00001 312312312 2017 700 0 300 3
000000001 353213210267 00001 312312312 2017 700 0 300 3
000000001 353213210268 00001 312312312 2017 700 0 300 3
000000001 353213210269 00001 312312312 2017 700 0 300 3
000000001 353213210270 00001 312312312 2017 700 0 300 3
000000001 353213210271 00001 312312312 2017 700 0 300 3
000000001 353213210272 00001 312312312 2017 700 0 300 3
000000001 353213210273 00001 312312312 2017 700 0 300 3
000000001 353213210274 00001 312312312 2017 700 0 300 3
000000001 353213210275 00001 312312312 2017 700 0 300 3
000000001 353213210276 00001 312312312 2017 700 0 300 3
000000001 353213210277 00001 312312312 2017 700 0 300 3
000000001 353213210278 00001 312312312 2017 700 0 300 3
000000001 353213210279 00001 312312312 2017 700 0 300 3
000000001 353213210280 00001 312312312 2017 700 0 300 3
000000001 353213210281 00001 312312312 2017 700 0 300 3
000000001 353213210282 00001 312312312 2017 700 0 300 3
000000001 353213210283 00001 312312312 2017 700 0 300 3
000000001 353213210284 00001 312312312 2017 700 0 300 3
000000001 353213210285 00001 312312312 2017 700 0 300 3
000000001 353213210286 00001 312312312 2017 700 0 300 3
000000001 353213210287 00001 312312312 2017 700 0 300 3
000000001 353213210288 00001 312312312 2017 700 0 300 3
000000001 353213210289 00001 312312312 2017 700 0 300 3
000000001 353213210290 00001 312312312 2017 700 0 300 3
000000001 353213210291 00001 312312312 2017 700 0 300 3
000000001 353213210292 00001 312312312 2017 700 0 300 3
000000001 353213210293 00001 312312312 2017 700 0 300 3
000000001 353213210294 00001 312312312 2017 700 0 300 3
000000001 353213210295 00001 312312312 2017 700 0 300 3
000000001 353213210296 00001 312312312 2017 700 0 300 3
000000001 353213210297 00001 312312312 2017 700 0 300 3
000000001 353213210298 00001 312312312 2017 700 0 300 3
000000001 353213210299 00001 312312312 2017 700 0 300 3
000000001 353213210300 00001 312312312 2017 700 0 300 3
000000001 353213210301 00001 312312312 2017 700 0 300 3
000000001 353213210302 00001 312312312 2017 700 0 300 3
000000001 353213210303 00001 312312312 2017 700 0 300 3
000000001 353213210304 00001 312312312 2017 700 0 300 3
000000001 353213210305 00001 312312312 2017 700 0 300 3
000000001 353213210306 00001 312312312 2017 700 0 300 3
000000001 353213210307 00001 312312312 2017 700 0 300 3
000000001 353213210308 00001 312312312 2017 700 0 300 3
000000001 353213210309 00001 312312312 2017 700 0 300 3
000000001 353213210310 00001 312312312 2017 700 0 300 3
000000001 353213210311 00001 312312312 2017 700 0 300 3
000000001 353213210312 00001 312312312 2017 700 0 300 3
000000001 353213210313 00001 312312312 2017 700 0 300 3
000000001 353213210314 00001 312312312 2017 700 0 300 3
000000001 353213210315 00001 312312312 2017 700 0 300 3
000000001 353213210316 00001 312312312 2017 700 0 300 3
000000001 353213210317 00001 312312312 2017 700 0 300 3
000000001 353213210318 00001 312312312 2017 700 0 300 3
000000001 353213210319 00001 312312312 2017 700 0 300 3
000000001 353213210320 00001 312312312 2017 700 0 300 3
000000001 353213210321 00001 312312312 2017 700 0 300 3
000000001 353213210322 00001 312312312 2017 700 0 300 3
000000001 353213210323 00001 312312312 2017 700 0 300 3
000000001 353213210324 00001 312312312 2017 700 0 300 3
000000001 353213210325 00001 312312312 2017 700 0 300 3
000000001 353213210326 00001 312312312 2017 700 0 300 3
000000001 353213210327 00001 312312312 2017 700 0 300 3
000000001 353213210328 00001 312312312 2017 700 0 300 3
000000001 353213210329 00001 312312312 2017 700 0 300 3
000000001 353213210330 00001 312312312 2017 700 0 300 3
000000001 353213210331 00001 312312312 2017 700 0 300 3
000000001 353213210332 00001 312312312 2017 700 0 300 3
000000001 353213210333 00001 312312312 2017 700 0 300 3
000000001 353213210334 00001 312312312 2017 700 0 300 3
000000001 353213210335 00001 312312312 2017 700 0 300 3
000000001 353213210336 00001 312312312 2017 700 0 300 3
000000001 353213210337 00001 312312312 2017 700 0 300 3
000000001 353213210338 00001 312312312 2017 700 0 300 3
000000001 353213210339 00001 312312312 2017 700 0 300 3
000000001 353213210340 00001 312312312 2017 700 0 300 3
000000001 353213210341 00001 312312312 2017 700 0 300 3
000000001 353213210342 00001 312312312 2017 700 0 300 3
000000001 353213210343 00001 312312312 2017 700 0 300 3
000000001 353213210344 00001 312312312 2017 700 0 300 3
000000001 353213210345 00001 312312312 2017 700 0 300 3
000000001 353213210346 00001 312312312 2017 700 0 300 3
000000001 353213210347 00001 312312312 2017 700 0 300 3
000000001 353213210348 00001 312312312 2017 700 0 300 3
000000001 353213210349 00001 312312312 2017 700 0 300 3
000000001 353213210350 00001 312312312 2017 700 0 300 3
000000001 353213210351 00001 312312312 2017 700 0 300 3
000000001 353213210352 00001 312312312 2017 700 0 300 3
000000001 353213210353 00001 312312312 2017 700 0 300 3
000000001 353213210354 00001 312312312 2017 700 0 300 3
000000001 353213210355 00001 312312312 2017 700 0 300 3
000000001 353213210356 00001 312312312 2017 700 0 300 3
000000001 353213210357 00001 312312312 2017 700 0 300 3
000000001 353213210358 00001 312312312 2017 700 0 300 3
000000001 353213210359 00001 312312312 2017 700 0 300 3
000000001 353213210360 00001 312312312 2017 700 0 300 3
000000001 353213210361 00001 312312312 2017 700 0 300 3
000000001 353213210362 00001 312312312 2017 700 0 300 3
000000001 353213210363 00001 312312312 2017 700 0 300 3
000000001 353213210364 00001 312312312 2017 700 0 300 3
000000001 353213210365 00001 312312312 2017 700 0 300 3
000000001 353213210366 00001 312312312 2017 700 0 300 3
000000001 353213210367 00001 312312312 2017 700 0 300 3
000000001 353213210368 00001 312312312 2017 700 0 300 3
000000001 353213210369 00001 312312312 2017 700 0 300 3
000000001 353213210370 00001 312312312 2017 700 0 300 3
000000001 353213210371 00001 312312312 2017 700 0 300 3
000000001 353213210372 00001 312312312 2017 700 0 300 3
000000001 353213210373 00001 312312312 2017 700 0 300 3
000000001 353213210374 00001 312312312 2017 700 0 300 3
000000001 353213210375 00001 312312312 2017 700 0 300 3
000000001 353213210376 00001 312312312 2017 700 0 300 3
000000001 353213210377 00001 312312312 2017 700 0 300 3
000000001 353213210378 00001 312312312 2017 700 0 300 3
000000001 353213210379 00001 312312312 2017 700 0 300 3
000000001 353213210380 00001 312312312 2017 700 0 300 3
000000001 353213210381 00001 312312312 2017 700 0 300 3
000000001 353213210382 00001 312312312 2017 700 0 300 3
000000001 353213210383 00001 312312312 2017 700 0 300 3
000000001 353213210384 00001 312312312 2017 700 0 300 3
000000001 353213210385 00001 312312312 2017 700 0 300 3
000000001 353213210386 00001 312312312 2017 700 0 300 3
000000001 353213210387 00001 312312312 2017 700 0 300 3
000000001 353213210388 00001 312312312 2017 700 0 300 3
000000001 353213210389 00001 312312312 2017 700 0 300 3
000000001 353213210390 00001 312312312 2017 700 0 300 3
000000001 353213210391 00001 312312312 2017 700 0 300 3
000000001 353213210392 00001 312312312 2017 700 0 300 3
000000001 353213210393 00001 312312312 2017 700 0 300 3
000000001 353213210394 00001 312312312 2017 700 0 300 3
000000001 353213210395 00001 312312312 2017 700 0 300 3
000000001 353213210396 00001 312312312 2017 700 0 300 3
000000001 353213210397 00001 312312312 2017 700 0 300 3
000000001 353213210398 00001 312312312 2017 700 0 300 3
000000001 353213210399 00001 312312312 2017 700 0 300 3
000000001 353213210400 00001 312312312 2017 700 0 300 3
000000001 353213210401 00001 312312312 2017 700 0 300 3
000000001 353213210402 00001 312312312 2017 700 0 300 3
000000001 353213210403 00001 312312312 2017 700 0 300 3
000000001 353213210404 00001 312312312 2017 700 0 300 3
000000001 353213210405 00001 312312312 2017 700 0 300 3
000000001 353213210406 00001 312312312 2017 700 0 300 3
000000001 353213210407 00001 312312312 2017 700 0 300 3
000000001 353213210408 00001 312312312 2017 700 0 300 3
000000001 353213210409 00001 312312312 2017 700 0 300 3
000000001 353213210410 00001 312312312 2017 700 0 300 3
000000001 353213210411 00001 312312312 2017 700 0 300 3
000000001 353213210412 00001 312312312 2017 700 0 300 3
000000001 353213210413 00001 312312312 2017 700 0 300 3
000000001 353213210414 00001 312312312 2017 700 0 300 3
000000001 353213210415 00001 312312312 2017 700 0 300 3
000000001 353213210416 00001 312312312 2017 700 0 300 3
000000001 353213210417 00001 312312312 2017 700 0 300 3
000000001 353213210418 00001 312312312 2017 700 0 300 3
000000001 353213210419 00001 312312312 2017 700 0 300 3
000000001 353213210420 00001 312312312 2017 700 0 300 3
000000001 353213210421 00001 312312312 2017 700 0 300 3
000000001 353213210422 00001 312312312 2017 700 0 300 3
000000001 353213210423 00001 312312312 2017 700 0 300 3
000000001 353213210424 00001 312312312 2017 700 0 300 3
000000001 353213210425 00001 312312312 2017 700 0 300 3
000000001 353213210426 00001 312312312 2017 700 0 300 3
000000001 353213210427 00001 312312312 2017 700 0 300 3
000000001 353213210428 00001 312312312 2017 700 0 300 3
000000001 353213210429 00001 312312312 2017 700 0 300 3
000000001 353213210430 00001 312312312 2017 700 0 300 3
000000001 353213210431 00001 312312312 2017 700 0 300 3
000000001 353213210432 00001 312312312 2017 700 0 300 3
000000001 353213210433 00001 312312312 2017 700 0 300 3
000000001 353213210434 00001 312312312 2017 700 0 300 3
000000001 353213210435 00001 312312312 2017 700 0 300 3
000000001 353213210436 00001 312312312 2017 700 0 300 3
000000001 353213210437 00001 312312312 2017 700 0 300 3
000000001 353213210438 00001 312312312 2017 700 0 300 3
000000001 353213210439 00001 312312312 2017 700 0 300 3
000000001 353213210440 00001 312312312 2017 700 0 300 3
000000001 353213210441 00001 312312312 2017 700 0 300 3
000000001 353213210442 00001 312312312 2017 700 0 300 3
000000001 353213210443 00001 312312312 2017 700 0 300 3
000000001 353213210444 00001 312312312 2017 700 0 300 3
000000001 353213210445 00001 312312312 2017 700 0 300 3
000000001 353213210446 00001 312312312 2017 700 0 300 3
000000001 353213210447 00001 312312312 2017 700 0 300 3
000000001 353213210448 00001 312312312 2017 700 0 300 3
000000001 353213210449 00001 312312312 2017 700 0 300 3
000000001 353213210450 00001 312312312 2017 700 0 300 3
000000001 353213210451 00001 312312312 2017 700 0 300 3
000000001 353213210452 00001 312312312 2017 700 0 300 3
000000001 353213210453 00001 312312312 2017 700 0 300 3
000000001 353213210454 00001 312312312 2017 700 0 300 3
000000001 353213210455 00001 312312312 2017 700 0 300 3
000000001 353213210456 00001 312312312 2017 700 0 300 3
000000001 353213210457 00001 312312312 2017 700 0 300 3
000000001 353213210458 00001 312312312 2017 700 0 300 3
000000001 353213210459 00001 312312312 2017 700 0 300 3
000000001 353213210460 00001 312312312 2017 700 0 300 3
000000001 353213210461 00001 312312312 2017 700 0 300 3
000000001 353213210462 00001 312312312 2017 700 0 300 3
000000001 353213210463 00001 312312312 2017 700 0 300 3
000000001 353213210464 00001 312312312 2017 700 0 300 3
000000001 353213210465 00001 312312312 2017 700 0 300 3
000000001 353213210466 00001 312312312 2017 700 0 300 3
000000001 353213210467 00001 312312312 2017 700 0 300 3
000000001 353213210468 00001 312312312 2017 700 0 300 3
000000001 353213210469 00001 312312312 2017 700 0 300 3
000000001 353213210470 00001 312312312 2017 700 0 300 3
000000001 353213210471 00001 312312312 2017 700 0 300 3
000000001 353213210472 00001 312312312 2017 700 0 300 3
000000001 353213210473 00001 312312312 2017 700 0 300 3
000000001 353213210474 00001 312312312 2017 700 0 300 3
000000001 353213210475 00001 312312312 2017 700 0 300 3
000000001 353213210476 00001 312312312 2017 700 0 300 3
000000001 353213210477 00001 312312312 2017 700 0 300 3
000000001 353213210478 00001 312312312 2017 700 0 300 3
000000001 353213210479 00001 312312312 2017 700 0 300 3
000000001 353213210480 00001 312312312 2017 700 0 300 3
000000001 353213210481 00001 312312312 2017 700 0 300 3
000000001 353213210482 00001 312312312 2017 700 0 300 3
000000001 353213210483 00001 312312312 2017 700 0 300 3
000000001 353213210484 00001 312312312 2017 700 0 300 3
000000001 353213210485 00001 312312312 2017 700 0 300 3
000000001 353213210486 00001 312312312 2017 700 0 300 3
000000001 353213210487 00001 312312312 2017 700 0 300 3
000000001 353213210488 00001 312312312 2017 700 0 300 3
000000001 353213210489 00001 312312312 2017 700 0 300 3
000000001 353213210490 00001 312312312 2017 700 0 300 3
000000001 353213210491 00001 312312312 2017 700 0 300 3
000000001 353213210492 00001 312312312 2017 700 0 300 3
000000001 353213210493 00001 312312312 2017 700 0 300 3
000000001 353213210494 00001 312312312 2017 700 0 300 3
000000001 353213210495 00001 312312312 2017 700 0 300 3
000000001 353213210496 00001 312312312 2017 700 0 300 3
000000001 353213210497 00001 312312312 2017 700 0 300 3
000000001 353213210498 00001 312312312 2017 700 0 300 3
000000001 353213210499 00001 312312312 2017 700 0 300 3
000000001 353213210500 00001 312312312 2017 700 0 300 3
000000001 353213210501 00001 312312312 2017 700 1 300 3
000000001 353213210502 00001 312312312 2017 700 1 300 3
000000001 353213210503 00001 312312312 2017 700 1 300 3
000000001 353213210504 00001 312312312 2017 700 1 300 3
000000001 353213210505 00001 312312312 2017 700 1 300 3
000000001 353213210506 00001 312312312 2017 700 1 300 3
000000001 353213210507 00001 312312312 2017 700 1 300 3
000000001 353213210508 00001 312312312 2017 700 1 300 3
000000001 353213210509 00001 312312312 2017 700 1 300 3
000000001 353213210510 00001 312312312 2017 700 1 300 3
000000001 353213210511 00001 312312312 2017 700 1 300 3
000000001 353213210512 00001 312312312 2017 700 1 300 3
000000001 353213210513 00001 312312312 2017 700 1 300 3
000000001 353213210514 00001 312312312 2017 700 1 300 3
000000001 353213210515 00001 312312312 2017 700 1 300 3
000000001 353213210516 00001 312312312 2017 700 1 300 3
000000001 353213210517 00001 312312312 2017 700 1 300 3
000000001 353213210518 00001 312312312 2017 700 1 300 3
000000001 353213210519 00001 312312312 2017 700 1 300 3
000000001 353213210520 00001 312312312 2017 700 1 300 3
000000001 353213210521 00001 312312312 2017 700 1 300 3
000000001 353213210522 00001 312312312 2017 700 1 300 3
000000001 353213210523 00001 312312312 2017 700 1 300 3
000000001 353213210524 00001 312312312 2017 700 1 300 3
000000001 353213210525 00001 312312312 2017 700 1 300 3
000000001 353213210526 00001 312312312 2017 700 1 300 3
000000001 353213210527 00001 312312312 2017 700 1 300 3
000000001 353213210528 00001 312312312 2017 700 1 300 3
000000001 353213210529 00001 312312312 2017 700 1 300 3
000000001 353213210530 00001 312312312 2017 700 1 300 3
000000001 353213210531 00001 312312312 2017 700 1 300 3
000000001 353213210532 00001 312312312 2017 700 1 300 3
000000001 353213210533 00001 312312312 2017 700 1 300 3
000000001 353213210534 00001 312312312 2017 700 1 300 3
000000001 353213210535 00001 312312312 2017 700 1 300 3
000000001 353213210536 00001 312312312 2017 700 1 300 3
000000001 353213210537 00001 312312312 2017 700 1 300 3
000000001 353213210538 00001 312312312 2017 700 1 300 3
000000001 353213210539 00001 312312312 2017 700 1 300 3
000000001 353213210540 00001 312312312 2017 700 1 300 3
000000001 353213210541 00001 312312312 2017 700 1 300 3
000000001 353213210542 00001 312312312 2017 700 1 300 3
000000001 353213210543 00001 312312312 2017 700 1 300 3
000000001 353213210544 00001 312312312 2017 700 1 300 3
000000001 353213210545 00001 312312312 2017 700 1 300 3
000000001 353213210546 00001 312312312 2017 700 1 300 3
000000001 353213210547 00001 312312312 2017 700 1 300 3
000000001 353213210548 00001 312312312 2017 700 1 300 3
000000001 353213210549 00001 312312312 2017 700 1 300 3
000000001 353213210550 00001 312312312 2017 700 1 300 3
000000001 353213210551 00001 312312312 2017 700 1 300 3
000000001 353213210552 00001 312312312 2017 700 1 300 3
000000001 353213210553 00001 312312312 2017 700 1 300 3
000000001 353213210554 00001 312312312 2017 700 1 300 3
000000001 353213210555 00001 312312312 2017 700 1 300 3
000000001 353213210556 00001 312312312 2017 700 1 300 3
000000001 353213210557 00001 312312312 2017 700 1 300 3
000000001 353213210558 00001 312312312 2017 700 1 300 3
000000001 353213210559 00001 312312312 2017 700 1 300 3
000000001 353213210560 00001 312312312 2017 700 1 300 3
000000001 353213210561 00001 312312312 2017 700 1 300 3
000000001 353213210562 00001 312312312 2017 700 1 300 3
000000001 353213210563 00001 312312312 2017 700 1 300 3
000000001 353213210564 00001 312312312 2017 700 1 300 3
000000001 353213210565 00001 312312312 2017 700 1 300 3
000000001 353213210566 00001 312312312 2017 700 1 300 3
000000001 353213210567 00001 312312312 2017 700 1 300 3
000000001 353213210568 00001 312312312 2017 700 1 300 3
000000001 353213210569 00001 312312312 2017 700 1 300 3
000000001 353213210570 00001 312312312 2017 700 1 300 3
000000001 353213210571 00001 312312312 2017 700 1 300 3
000000001 353213210572 00001 312312312 2017 700 1 300 3
000000001 353213210573 00001 312312312 2017 700 1 300 3
000000001 353213210574 00001 312312312 2017 700 1 300 3
000000001 353213210575 00001 312312312 2017 700 1 300 3
000000001 353213210576 00001 312312312 2017 700 1 300 3
000000001 353213210577 00001 312312312 2017 700 1 300 3
000000001 353213210578 00001 312312312 2017 700 1 300 3
000000001 353213210579 00001 312312312 2017 700 1 300 3
000000001 353213210580 00001 312312312 2017 700 1 300 3
000000001 353213210581 00001 312312312 2017 700 1 300 3
000000001 353213210582 00001 312312312 2017 700 1 300 3
000000001 353213210583 00001 312312312 2017 700 1 300 3
000000001 353213210584 00001 312312312 2017 700 1 300 3
000000001 353213210585 00001 312312312 2017 700 1 300 3
000000001 353213210586 00001 312312312 2017 700 1 300 3
000000001 353213210587 00001 312312312 2017 700 1 300 3
000000001 353213210588 00001 312312312 2017 700 1 300 3
000000001 353213210589 00001 312312312 2017 700 1 300 3
000000001 353213210590 00001 312312312 2017 700 1 300 3
000000001 353213210591 00001 312312312 2017 700 1 300 3
000000001 353213210592 00001 312312312 2017 700 1 300 3
000000001 353213210593 00001 312312312 2017 700 1 300 3
000000001 353213210594 00001 312312312 2017 700 1 300 3
000000001 353213210595 00001 312312312 2017 700 1 300 3
000000001 353213210596 00001 312312312 2017 700 1 300 3
000000001 353213210597 00001 312312312 2017 700 1 300 3
000000001 353213210598 00001 312312312 2017 700 1 300 3
000000001 353213210599 00001 312312312 2017 700 1 300 3
000000001 353213210600 00001 312312312 2017 700 1 300 3
000000001 353213210601 00001 312312312 2017 700 1 300 3
000000001 353213210602 00001 312312312 2017 700 1 300 3
000000001 353213210603 00001 312312312 2017 700 1 300 3
000000001 353213210604 00001 312312312 2017 700 1 300 3
000000001 353213210605 00001 312312312 2017 700 1 300 3
000000001 353213210606 00001 312312312 2017 700 1 300 3
000000001 353213210607 00001 312312312 2017 700 1 300 3
000000001 353213210608 00001 312312312 2017 700 1 300 3
000000001 353213210609 00001 312312312 2017 700 1 300 3
000000001 353213210610 00001 312312312 2017 700 1 300 3
000000001 353213210611 00001 312312312 2017 700 1 300 3
000000001 353213210612 00001 312312312 2017 700 1 300 3
000000001 353213210613 00001 312312312 2017 700 1 300 3
000000001 353213210614 00001 312312312 2017 700 1 300 3
000000001 353213210615 00001 312312312 2017 700 1 300 3
000000001 353213210616 00001 312312312 2017 700 1 300 3
000000001 353213210617 00001 312312312 2017 700 1 300 3
000000001 353213210618 00001 312312312 2017 700 1 300 3
000000001 353213210619 00001 312312312 2017 700 1 300 3
000000001 353213210620 00001 312312312 2017 700 1 300 3
000000001 353213210621 00001 312312312 2017 700 1 300 3
000000001 353213210622 00001 312312312 2017 700 1 300 3
000000001 353213210623 00001 312312312 2017 700 1 300 3
000000001 353213210624 00001 312312312 2017 700 1 300 3
000000001 353213210625 00001 312312312 2017 700 1 300 3
000000001 353213210626 00001 312312312 2017 700 1 300 3
000000001 353213210627 00001 312312312 2017 700 1 300 3
000000001 353213210628 00001 312312312 2017 700 1 300 3
000000001 353213210629 00001 312312312 2017 700 1 300 3
000000001 353213210630 00001 312312312 2017 700 1 300 3
000000001 353213210631 00001 312312312 2017 700 1 300 3
000000001 353213210632 00001 312312312 2017 700 1 300 3
000000001 353213210633 00001 312312312 2017 700 1 300 3
000000001 353213210634 00001 312312312 2017 700 1 300 3
000000001 353213210635 00001 312312312 2017 700 1 300 3
000000001 353213210636 00001 312312312 2017 700 1 300 3
000000001 353213210637 00001 312312312 2017 700 1 300 3
000000001 353213210638 00001 312312312 2017 700 1 300 3
000000001 353213210639 00001 312312312 2017 700 1 300 3
000000001 353213210640 00001 312312312 2017 700 1 300 3
000000001 353213210641 00001 312312312 2017 700 1 300 3
000000001 353213210642 00001 312312312 2017 700 1 300 3
000000001 353213210643 00001 312312312 2017 700 1 300 3
000000001 353213210644 00001 312312312 2017 700 1 300 3
000000001 353213210645 00001 312312312 2017 700 1 300 3
000000001 353213210646 00001 312312312 2017 700 1 300 3
000000001 353213210647 00001 312312312 2017 700 1 300 3
000000001 353213210648 00001 312312312 2017 700 1 300 3
000000001 353213210649 00001 312312312 2017 700 1 300 3
000000001 353213210650 00001 312312312 2017 700 1 300 3
000000001 353213210651 00001 312312312 2017 700 1 300 3
000000001 353213210652 00001 312312312 2017 700 1 300 3
000000001 353213210653 00001 312312312 2017 700 1 300 3
000000001 353213210654 00001 312312312 2017 700 1 300 3
000000001 353213210655 00001 312312312 2017 700 1 300 3
000000001 353213210656 00001 312312312 2017 700 1 300 3
000000001 353213210657 00001 312312312 2017 700 1 300 3
000000001 353213210658 00001 312312312 2017 700 1 300 3
000000001 353213210659 00001 312312312 2017 700 1 300 3
000000001 353213210660 00001 312312312 2017 700 1 300 3
000000001 353213210661 00001 312312312 2017 700 1 300 3
000000001 353213210662 00001 312312312 2017 700 1 300 3
000000001 353213210663 00001 312312312 2017 700 1 300 3
000000001 353213210664 00001 312312312 2017 700 1 300 3
000000001 353213210665 00001 312312312 2017 700 1 300 3
000000001 353213210666 00001 312312312 2017 700 1 300 3
000000001 353213210667 00001 312312312 2017 700 1 300 3
000000001 353213210668 00001 312312312 2017 700 1 300 3
000000001 353213210669 00001 312312312 2017 700 1 300 3
000000001 353213210670 00001 312312312 2017 700 1 300 3
000000001 353213210671 00001 312312312 2017 700 1 300 3
000000001 353213210672 00001 312312312 2017 700 1 300 3
000000001 353213210673 00001 312312312 2017 700 1 300 3
000000001 353213210674 00001 312312312 2017 700 1 300 3
000000001 353213210675 00001 312312312 2017 700 1 300 3
000000001 353213210676 00001 312312312 2017 700 1 300 3
000000001 353213210677 00001 312312312 2017 700 1 300 3
000000001 353213210678 00001 312312312 2017 700 1 300 3
000000001 353213210679 00001 312312312 2017 700 1 300 3
000000001 353213210680 00001 312312312 2017 700 1 300 3
000000001 353213210681 00001 312312312 2017 700 1 300 3
000000001 353213210682 00001 312312312 2017 700 1 300 3
000000001 353213210683 00001 312312312 2017 700 1 300 3
000000001 353213210684 00001 312312312 2017 700 1 300 3
000000001 353213210685 00001 312312312 2017 700 1 300 3
000000001 353213210686 00001 312312312 2017 700 1 300 3
000000001 353213210687 00001 312312312 2017 700 1 300 3
000000001 353213210688 00001 312312312 2017 700 1 300 3
000000001 353213210689 00001 312312312 2017 700 1 300 3
000000001 353213210690 00001 312312312 2017 700 1 300 3
000000001 353213210691 00001 312312312 2017 700 1 300 3
000000001 353213210692 00001 312312312 2017 700 1 300 3
000000001 353213210693 00001 312312312 2017 700 1 300 3
000000001 353213210694 00001 312312312 2017 700 1 300 3
000000001 353213210695 00001 312312312 2017 700 1 300 3
000000001 353213210696 00001 312312312 2017 700 1 300 3
000000001 353213210697 00001 312312312 2017 700 1 300 3
000000001 353213210698 00001 312312312 2017 700 1 300 3
000000001 353213210699 00001 312312312 2017 700 1 300 3
000000001 353213210700 00001 312312312 2017 700 1 300 3
000000001 353213210701 00001 312312312 2017 700 1 300 3
000000001 353213210702 00001 312312312 2017 700 1 300 3
000000001 353213210703 00001 312312312 2017 700 1 300 3
000000001 353213210704 00001 312312312 2017 700 1 300 3
000000001 353213210705 00001 312312312 2017 700 1 300 3
000000001 353213210706 00001 312312312 2017 700 1 300 3
000000001 353213210707 00001 312312312 2017 700 1 300 3
000000001 353213210708 00001 312312312 2017 700 1 300 3
000000001 353213210709 00001 312312312 2017 700 1 300 3
000000001 353213210710 00001 312312312 2017 700 1 300 3
000000001 353213210711 00001 312312312 2017 700 1 300 3
000000001 353213210712 00001 312312312 2017 700 1 300 3
000000001 353213210713 00001 312312312 2017 700 1 300 3
000000001 353213210714 00001 312312312 2017 700 1 300 3
000000001 353213210715 00001 312312312 2017 700 1 300 3
000000001 353213210716 00001 312312312 2017 700 1 300 3
000000001 353213210717 00001 312312312 2017 700 1 300 3
000000001 353213210718 00001 312312312 2017 700 1 300 3
000000001 353213210719 00001 312312312 2017 700 1 300 3
000000001 353213210720 00001 312312312 2017 700 1 300 3
000000001 353213210721 00001 312312312 2017 700 1 300 3
000000001 353213210722 00001 312312312 2017 700 1 300 3
000000001 353213210723 00001 312312312 2017 700 1 300 3
000000001 353213210724 00001 312312312 2017 700 1 300 3
000000001 353213210725 00001 312312312 2017 700 1 300 3
000000001 353213210726 00001 312312312 2017 700 1 300 3
000000001 353213210727 00001 312312312 2017 700 1 300 3
000000001 353213210728 00001 312312312 2017 700 1 300 3
000000001 353213210729 00001 312312312 2017 700 1 300 3
000000001 353213210730 00001 312312312 2017 700 1 300 3
000000001 353213210731 00001 312312312 2017 700 1 300 3
000000001 353213210732 00001 312312312 2017 700 1 300 3
000000001 353213210733 00001 312312312 2017 700 1 300 3
000000001 353213210734 00001 312312312 2017 700 1 300 3
000000001 353213210735 00001 312312312 2017 700 1 300 3
000000001 353213210736 00001 312312312 2017 700 1 300 3
000000001 353213210737 00001 312312312 2017 700 1 300 3
000000001 353213210738 00001 312312312 2017 700 1 300 3
000000001 353213210739 00001 312312312 2017 700 1 300 3
000000001 353213210740 00001 312312312 2017 700 1 300 3
000000001 353213210741 00001 312312312 2017 700 1 300 3
000000001 353213210742 00001 312312312 2017 700 1 300 3
000000001 353213210743 00001 312312312 2017 700 1 300 3
000000001 353213210744 00001 312312312 2017 700 1 300 3
000000001 353213210745 00001 312312312 2017 700 1 300 3
000000001 353213210746 00001 312312312 2017 700 1 300 3
000000001 353213210747 00001 312312312 2017 700 1 300 3
000000001 353213210748 00001 312312312 2017 700 1 300 3
000000001 353213210749 00001 312312312 2017 700 1 300 3
000000001 353213210750 00001 312312312 2017 700 1 300 3
000000001 353213210751 00001 312312312 2017 700 1 300 3
000000001 353213210752 00001 312312312 2017 700 1 300 3
000000001 353213210753 00001 312312312 2017 700 1 300 3
000000001 353213210754 00001 312312312 2017 700 1 300 3
000000001 353213210755 00001 312312312 2017 700 1 300 3
000000001 353213210756 00001 312312312 2017 700 1 300 3
000000001 353213210757 00001 312312312 2017 700 1 300 3
000000001 353213210758 00001 312312312 2017 700 1 300 3
000000001 353213210759 00001 312312312 2017 700 1 300 3
000000001 353213210760 00001 312312312 2017 700 1 300 3
000000001 353213210761 00001 312312312 2017 700 1 300 3
000000001 353213210762 00001 312312312 2017 700 1 300 3
000000001 353213210763 00001 312312312 2017 700 1 300 3
000000001 353213210764 00001 312312312 2017 700 1 300 3
000000001 353213210765 00001 312312312 2017 700 1 300 3
000000001 353213210766 00001 312312312 2017 700 1 300 3
000000001 353213210767 00001 312312312 2017 700 1 300 3
000000001 353213210768 00001 312312312 2017 700 1 300 3
000000001 353213210769 00001 312312312 2017 700 1 300 3
000000001 353213210770 00001 312312312 2017 700 1 300 3
000000001 353213210771 00001 312312312 2017 700 1 300 3
000000001 353213210772 00001 312312312 2017 700 1 300 3
000000001 353213210773 00001 312312312 2017 700 1 300 3
000000001 353213210774 00001 312312312 2017 700 1 300 3
000000001 353213210775 00001 312312312 2017 700 1 300 3
000000001 353213210776 00001 312312312 2017 700 1 300 3
000000001 353213210777 00001 312312312 2017 700 1 300 3
000000001 353213210778 00001 312312312 2017 700 1 300 3
000000001 353213210779 00001 312312312 2017 700 1 300 3
000000001 353213210780 00001 312312312 2017 700 1 300 3
000000001 353213210781 00001 312312312 2017 700 1 300 3
000000001 353213210782 00001 312312312 2017 700 1 300 3
000000001 353213210783 00001 312312312 2017 700 1 300 3
000000001 353213210784 00001 312312312 2017 700 1 300 3
000000001 353213210785 00001 312312312 2017 700 1 300 3
000000001 353213210786 00001 312312312 2017 700 1 300 3
000000001 353213210787 00001 312312312 2017 700 1 300 3
000000001 353213210788 00001 312312312 2017 700 1 300 3
000000001 353213210789 00001 312312312 2017 700 1 300 3
000000001 353213210790 00001 312312312 2017 700 1 300 3
000000001 353213210791 00001 312312312 2017 700 1 300 3
000000001 353213210792 00001 312312312 2017 700 1 300 3
000000001 353213210793 00001 312312312 2017 700 1 300 3
000000001 353213210794 00001 312312312 2017 700 1 300 3
000000001 353213210795 00001 312312312 2017 700 1 300 3
000000001 353213210796 00001 312312312 2017 700 1 300 3
000000001 353213210797 00001 312312312 2017 700 1 300 3
000000001 353213210798 00001 312312312 2017 700 1 300 3
000000001 353213210799 00001 312312312 2017 700 1 300 3
000000001 353213210800 00001 312312312 2017 700 1 300 3
000000001 353213210801 00001 312312312 2017 700 1 300 3
000000001 353213210802 00001 312312312 2017 700 1 300 3
000000001 353213210803 00001 312312312 2017 700 1 300 3
000000001 353213210804 00001 312312312 2017 700 1 300 3
000000001 353213210805 00001 312312312 2017 700 1 300 3
000000001 353213210806 00001 312312312 2017 700 1 300 3
000000001 353213210807 00001 312312312 2017 700 1 300 3
000000001 353213210808 00001 312312312 2017 700 1 300 3
000000001 353213210809 00001 312312312 2017 700 1 300 3
000000001 353213210810 00001 312312312 2017 700 1 300 3
000000001 353213210811 00001 312312312 2017 700 1 300 3
000000001 353213210812 00001 312312312 2017 700 1 300 3
000000001 353213210813 00001 312312312 2017 700 1 300 3
000000001 353213210814 00001 312312312 2017 700 1 300 3
000000001 353213210815 00001 312312312 2017 700 1 300 3
000000001 353213210816 00001 312312312 2017 700 1 300 3
000000001 353213210817 00001 312312312 2017 700 1 300 3
000000001 353213210818 00001 312312312 2017 700 1 300 3
000000001 353213210819 00001 312312312 2017 700 1 300 3
000000001 353213210820 00001 312312312 2017 700 1 300 3
000000001 353213210821 00001 312312312 2017 700 1 300 3
000000001 353213210822 00001 312312312 2017 700 1 300 3
000000001 353213210823 00001 312312312 2017 700 1 300 3
000000001 353213210824 00001 312312312 2017 700 1 300 3
000000001 353213210825 00001 312312312 2017 700 1 300 3
000000001 353213210826 00001 312312312 2017 700 1 300 3
000000001 353213210827 00001 312312312 2017 700 1 300 3
000000001 353213210828 00001 312312312 2017 700 1 300 3
000000001 353213210829 00001 312312312 2017 700 1 300 3
000000001 353213210830 00001 312312312 2017 700 1 300 3
000000001 353213210831 00001 312312312 2017 700 1 300 3
000000001 353213210832 00001 312312312 2017 700 1 300 3
000000001 353213210833 00001 312312312 2017 700 1 300 3
000000001 353213210834 00001 312312312 2017 700 1 300 3
000000001 353213210835 00001 312312312 2017 700 1 300 3
000000001 353213210836 00001 312312312 2017 700 1 300 3
000000001 353213210837 00001 312312312 2017 700 1 300 3
000000001 353213210838 00001 312312312 2017 700 1 300 3
000000001 353213210839 00001 312312312 2017 700 1 300 3
000000001 353213210840 00001 312312312 2017 700 1 300 3
000000001 353213210841 00001 312312312 2017 700 1 300 3
000000001 353213210842 00001 312312312 2017 700 1 300 3
000000001 353213210843 00001 312312312 2017 700 1 300 3
000000001 353213210844 00001 312312312 2017 700 1 300 3
000000001 353213210845 00001 312312312 2017 700 1 300 3
000000001 353213210846 00001 312312312 2017 700 1 300 3
000000001 353213210847 00001 312312312 2017 700 1 300 3
000000001 353213210848 00001 312312312 2017 700 1 300 3
000000001 353213210849 00001 312312312 2017 700 1 300 3
000000001 353213210850 00001 312312312 2017 700 1 300 3
000000001 353213210851 00001 312312312 2017 700 1 300 3
000000001 353213210852 00001 312312312 2017 700 1 300 3
000000001 353213210853 00001 312312312 2017 700 1 300 3
000000001 353213210854 00001 312312312 2017 700 1 300 3
000000001 353213210855 00001 312312312 2017 700 1 300 3
000000001 353213210856 00001 312312312 2017 700 1 300 3
000000001 353213210857 00001 312312312 2017 700 1 300 3
000000001 353213210858 00001 312312312 2017 700 1 300 3
000000001 353213210859 00001 312312312 2017 700 1 300 3
000000001 353213210860 00001 312312312 2017 700 1 300 3
000000001 353213210861 00001 312312312 2017 700 1 300 3
000000001 353213210862 00001 312312312 2017 700 1 300 3
000000001 353213210863 00001 312312312 2017 700 1 300 3
000000001 353213210864 00001 312312312 2017 700 1 300 3
000000001 353213210865 00001 312312312 2017 700 1 300 3
000000001 353213210866 00001 312312312 2017 700 1 300 3
000000001 353213210867 00001 312312312 2017 700 1 300 3
000000001 353213210868 00001 312312312 2017 700 1 300 3
000000001 353213210869 00001 312312312 2017 700 1 300 3
000000001 353213210870 00001 312312312 2017 700 1 300 3
000000001 353213210871 00001 312312312 2017 700 1 300 3
000000001 353213210872 00001 312312312 2017 700 1 300 3
000000001 353213210873 00001 312312312 2017 700 1 300 3
000000001 353213210874 00001 312312312 2017 700 1 300 3
000000001 353213210875 00001 312312312 2017 700 1 300 3
000000001 353213210876 00001 312312312 2017 700 1 300 3
000000001 353213210877 00001 312312312 2017 700 1 300 3
000000001 353213210878 00001 312312312 2017 700 1 300 3
000000001 353213210879 00001 312312312 2017 700 1 300 3
000000001 353213210880 00001 312312312 2017 700 1 300 3
000000001 353213210881 00001 312312312 2017 700 1 300 3
000000001 353213210882 00001 312312312 2017 700 1 300 3
000000001 353213210883 00001 312312312 2017 700 1 300 3
000000001 353213210884 00001 312312312 2017 700 1 300 3
000000001 353213210885 00001 312312312 2017 700 1 300 3
000000001 353213210886 00001 312312312 2017 700 1 300 3
000000001 353213210887 00001 312312312 2017 700 1 300 3
000000001 353213210888 00001 312312312 2017 700 1 300 3
000000001 353213210889 00001 312312312 2017 700 1 300 3
000000001 353213210890 00001 312312312 2017 700 1 300 3
000000001 353213210891 00001 312312312 2017 700 1 300 3
000000001 353213210892 00001 312312312 2017 700 1 300 3
000000001 353213210893 00001 312312312 2017 700 1 300 3
000000001 353213210894 00001 312312312 2017 700 1 300 3
000000001 353213210895 00001 312312312 2017 700 1 300 3
000000001 353213210896 00001 312312312 2017 700 1 300 3
000000001 353213210897 00001 312312312 2017 700 1 300 3
000000001 353213210898 00001 312312312 2017 700 1 300 3
000000001 353213210899 00001 312312312 2017 700 1 300 3
000000001 353213210900 00001 312312312 2017 700 1 300 3
000000001 353213210901 00001 312312312 2017 700 1 300 3
000000001 353213210902 00001 312312312 2017 700 1 300 3
000000001 353213210903 00001 312312312 2017 700 1 300 3
000000001 353213210904 00001 312312312 2017 700 1 300 3
000000001 353213210905 00001 312312312 2017 700 1 300 3
000000001 353213210906 00001 312312312 2017 700 1 300 3
000000001 353213210907 00001 312312312 2017 700 1 300 3
000000001 353213210908 00001 312312312 2017 700 1 300 3
000000001 353213210909 00001 312312312 2017 700 1 300 3
000000001 353213210910 00001 312312312 2017 700 1 300 3
000000001 353213210911 00001 312312312 2017 700 1 300 3
000000001 353213210912 00001 312312312 2017 700 1 300 3
000000001 353213210913 00001 312312312 2017 700 1 300 3
000000001 353213210914 00001 312312312 2017 700 1 300 3
000000001 353213210915 00001 312312312 2017 700 1 300 3
000000001 353213210916 00001 312312312 2017 700 1 300 3
000000001 353213210917 00001 312312312 2017 700 1 300 3
000000001 353213210918 00001 312312312 2017 700 1 300 3
000000001 353213210919 00001 312312312 2017 700 1 300 3
000000001 353213210920 00001 312312312 2017 700 1 300 3
000000001 353213210921 00001 312312312 2017 700 1 300 3
000000001 353213210922 00001 312312312 2017 700 1 300 3
000000001 353213210923 00001 312312312 2017 700 1 300 3
000000001 353213210924 00001 312312312 2017 700 1 300 3
000000001 353213210925 00001 312312312 2017 700 1 300 3
000000001 353213210926 00001 312312312 2017 700 1 300 3
000000001 353213210927 00001 312312312 2017 700 1 300 3
000000001 353213210928 00001 312312312 2017 700 1 300 3
000000001 353213210929 00001 312312312 2017 700 1 300 3
000000001 353213210930 00001 312312312 2017 700 1 300 3
000000001 353213210931 00001 312312312 2017 700 1 300 3
000000001 353213210932 00001 312312312 2017 700 1 300 3
000000001 353213210933 00001 312312312 2017 700 1 300 3
000000001 353213210934 00001 312312312 2017 700 1 300 3
000000001 353213210935 00001 312312312 2017 700 1 300 3
000000001 353213210936 00001 312312312 2017 700 1 300 3
000000001 353213210937 00001 312312312 2017 700 1 300 3
000000001 353213210938 00001 312312312 2017 700 1 300 3
000000001 353213210939 00001 312312312 2017 700 1 300 3
000000001 353213210940 00001 312312312 2017 700 1 300 3
000000001 353213210941 00001 312312312 2017 700 1 300 3
000000001 353213210942 00001 312312312 2017 700 1 300 3
000000001 353213210943 00001 312312312 2017 700 1 300 3
000000001 353213210944 00001 312312312 2017 700 1 300 3
000000001 353213210945 00001 312312312 2017 700 1 300 3
000000001 353213210946 00001 312312312 2017 700 1 300 3
000000001 353213210947 00001 312312312 2017 700 1 300 3
000000001 353213210948 00001 312312312 2017 700 1 300 3
000000001 353213210949 00001 312312312 2017 700 1 300 3
000000001 353213210950 00001 312312312 2017 700 1 300 3
000000001 353213210951 00001 312312312 2017 700 1 300 3
000000001 353213210952 00001 312312312 2017 700 1 300 3
000000001 353213210953 00001 312312312 2017 700 1 300 3
000000001 353213210954 00001 312312312 2017 700 1 300 3
000000001 353213210955 00001 312312312 2017 700 1 300 3
000000001 353213210956 00001 312312312 2017 700 1 300 3
000000001 353213210957 00001 312312312 2017 700 1 300 3
000000001 353213210958 00001 312312312 2017 700 1 300 3
000000001 353213210959 00001 312312312 2017 700 1 300 3
000000001 353213210960 00001 312312312 2017 700 1 300 3
000000001 353213210961 00001 312312312 2017 700 1 300 3
000000001 353213210962 00001 312312312 2017 700 1 300 3
000000001 353213210963 00001 312312312 2017 700 1 300 3
000000001 353213210964 00001 312312312 2017 700 1 300 3
000000001 353213210965 00001 312312312 2017 700 1 300 3
000000001 353213210966 00001 312312312 2017 700 1 300 3
000000001 353213210967 00001 312312312 2017 700 1 300 3
000000001 353213210968 00001 312312312 2017 700 1 300 3
000000001 353213210969 00001 312312312 2017 700 1 300 3
000000001 353213210970 00001 312312312 2017 700 1 300 3
000000001 353213210971 00001 312312312 2017 700 1 300 3
000000001 353213210972 00001 312312312 2017 700 1 300 3
000000001 353213210973 00001 312312312 2017 700 1 300 3
000000001 353213210974 00001 312312312 2017 700 1 300 3
000000001 353213210975 00001 312312312 2017 700 1 300 3
000000001 353213210976 00001 312312312 2017 700 1 300 3
000000001 353213210977 00001 312312312 2017 700 1 300 3
000000001 353213210978 00001 312312312 2017 700 1 300 3
000000001 353213210979 00001 312312312 2017 700 1 300 3
000000001 353213210980 00001 312312312 2017 700 1 300 3
000000001 353213210981 00001 312312312 2017 700 1 300 3
000000001 353213210982 00001 312312312 2017 700 1 300 3
000000001 353213210983 00001 312312312 2017 700 1 300 3
000000001 353213210984 00001 312312312 2017 700 1 300 3
000000001 353213210985 00001 312312312 2017 700 1 300 3
000000001 353213210986 00001 312312312 2017 700 1 300 3
000000001 353213210987 00001 312312312 2017 700 1 300 3
000000001 353213210988 00001 312312312 2017 700 1 300 3
000000001 353213210989 00001 312312312 2017 700 1 300 3
000000001 353213210990 00001 312312312 2017 700 1 300 3
000000001 353213210991 00001 312312312 2017 700 1 300 3
000000001 353213210992 00001 312312312 2017 700 1 300 3
000000001 353213210993 00001 312312312 2017 700 1 300 3
000000001 353213210994 00001 312312312 2017 700 1 300 3
000000001 353213210995 00001 312312312 2017 700 1 300 3
000000001 353213210996 00001 312312312 2017 700 1 300 3
000000001 353213210997 00001 312312312 2017 700 1 300 3
000000001 353213210998 00001 312312312 2017 700 1 300 3
000000001 353213210999 00001 312312312 2017 700 1 300 3
